5.84	-71.16	48.01	1988	11	25	23	46	3.1	2.07	1.0734	0.026596	-0.68731	0.051102	16	1328.2	2.9957e-05	0	0.31135	0.017505	1.6434	0.063279	13	3.0652	3.448	2.725
5.65	-77.93	37.94	2011	8	23	17	51	5	2.18	0.86453	0.022923	-3.5906	0.045841	93	12977	4.396e-05	0.058182	1.2409	0.049489	4.6892	0.1278	61.8	5.1898	5.7676	4.6699
5.47	-66.66	46.98	1982	1	9	12	53	51	2.47	0.85653	0.016174	-1.9068	0.042579	139	17761	7.1321e-05	0.23427	0.89278	0.026657	4.2749	0.078095	78.6	5.9098	6.5186	5.3579
5.23	-87.89	38.45	2008	4	18	9	37	0	2.28	0.98964	0.025487	-1.5819	0.03702	35	3203.2	4.0428e-05	0.099267	0.68914	0.033397	3.1113	0.10034	23	2.8252	3.0766	2.5943
5.1	-81.087	36.474	2020	8	9	12	7	37.65	2.22	0.89345	0.03516	-4.6897	0.044873	44	7862.8	2.9364e-05	0.062487	1.8427	0.14054	5.8284	0.3483	38.6	4.1417	4.5925	3.7351
5.04	-75.46	45.86	2010	6	23	17	41	42	1.97	1.1789	0.041523	-3.2364	0.052033	42	157.19	0.00017755	0.23472	1.2478	0.070673	4.2409	0.17758	24.2	3.9291	4.4292	3.4854
5.04	-83.91	38.17	1980	7	27	18	52	21	0.98	0.85871	0.016934	-1.6355	0.042602	12	1350.3	3.6195e-06	0.004652	0.37146	0.049397	1.6899	0.14699	5	0.74575	0.82261	0.67607
4.97	-73.66	44.51	2002	4	20	10	50	44	1.37	0.91279	0.013601	-1.9371	0.028178	22	1120.8	1.6843e-05	0.031201	0.60734	0.033076	2.276	0.074274	12.8	1.7755	1.8945	1.664
4.96	-87.95	38.71	1987	6	10	23	48	53	2.24	0.8994	0.014136	-3.0165	0.028357	30	Inf	0	0	1.2431	0.089248	4.4075	0.24518	20.8	2.3161	2.4724	2.1697
4.83	-74.258	43.938	1983	10	7	10	18	46	2.41	0.89006	0.029691	-2.802	0.043969	26	6113.7	6.2085e-05	0.18878	1.2945	0.10382	4.6292	0.29311	17.8	2.1409	2.3691	1.9348
4.75	-69.9	47.67	1979	8	19	22	49	31	2.24	0.92216	0.051982	-2.5052	0.095248	56	274.64	0.00029321	0.96858	1.0139	0.048585	4.0491	0.13511	3.4	1.0957	1.3644	0.87992
4.68	-87.34	31.12	1997	10	24	8	35	17	2.59	0.90524	0.053573	-1.665	0.14584	7	6567.3	2.4031e-05	0.10062	0.70947	0.12909	2.7194	0.41014	2	0.65727	0.91958	0.46979
4.63	-81.16	41.65	1986	1	31	16	46	43	2.07	NaN	NaN	NaN	NaN	31	NaN	8.985e-06	0.036564	NaN	NaN	NaN	NaN	1	NaN	NaN	NaN
4.62	-90.48	35.59	1976	3	25	0	41	20	2.24	0.80857	0.036823	-1.7466	0.085522	31	699.53	0.00023016	0.51317	0.76025	0.067831	2.9532	0.18172	6.6	1.1555	1.407	0.94894
4.59	-85.63	34.494	2003	4	29	8	59	37	2.24	0.92609	0.023702	-4.4994	0.049051	55	1158	0.00010111	0.26812	2.0792	0.13575	6.6947	0.35515	12.4	2.4358	2.7271	2.1757
4.57	-69.73	47.75	2005	3	6	6	17	49	1.37	0.80389	0.051779	-2.2573	0.07063	127	90.752	0.00025344	0.51095	0.72376	0.025241	2.9106	0.048798	-0.6	1.1449	1.3471	0.97303
4.57	-78.9	46.87	2000	1	1	11	22	58	1.17	1.0129	0.071424	-2.376	0.14298	22	285.11	2.5992e-05	0.092323	0.73257	0.048591	2.1981	0.086044	-0.8	1.3025	1.8103	0.93712
4.56	-75.59	46.47	1990	10	19	7	1	57	1.57	1.0107	0.058689	-1.9728	0.066316	43	305.87	6.7206e-05	0.13515	0.75223	0.03337	2.8009	0.072057	10.2	1.8897	2.2014	1.6221
4.51	-100.7	33	1978	6	16	11	46	53	2.38	NaN	NaN	NaN	NaN	4	NaN	1.5631e-06	0.036831	NaN	NaN	NaN	NaN	1	NaN	NaN	NaN
4.49	-87.8	37.98	2002	6	18	17	37	17	2.5	NaN	NaN	NaN	NaN	4	NaN	2.8072e-05	0.035158	NaN	NaN	NaN	NaN	0	NaN	NaN	NaN
4.49	-76.34	45.75	2013	5	17	13	43	23	1.37	1.0065	0.018035	-1.0502	0.028918	16	439.72	5.5828e-05	0.13348	0.45241	0.023902	1.8033	0.054597	9.2	2.2977	2.4559	2.1497
4.48	-104.01	31.425	1975	8	1	7	27	57.3	2.5	NaN	NaN	NaN	NaN	0	NaN	2.8294e-06	0	NaN	NaN	NaN	NaN	0	NaN	NaN	NaN
4.47	-71.35	46.75	1997	11	6	2	34	33	1.17	1.0316	0.02588	-2.2343	0.040008	25	377.08	2.4481e-05	0.041336	0.80976	0.056821	2.5021	0.10788	11.2	2.7412	3.0057	2.5
4.47	-80.39	41.49	1998	9	25	19	52	52	1.37	NaN	NaN	NaN	NaN	6	NaN	7.2408e-06	0.026897	NaN	NaN	NaN	NaN	2	NaN	NaN	NaN
4.4	-84.39	40.55	1986	7	12	8	19	39	2.5	NaN	NaN	NaN	NaN	2	NaN	3.2575e-06	0	NaN	NaN	NaN	NaN	0	NaN	NaN	NaN
4.4	-84.732	35.612	2018	12	12	9	14	43.61	2.18	0.88899	0.015802	-3.8967	0.015108	36	198.81	0.00040311	0.73998	1.9022	0.15924	5.8606	0.39926	12.8	2.1188	2.1939	2.0464
4.39	-66.39	49.65	1999	3	16	12	50	48	1.37	1.055	0.014311	-2.5662	0.018968	66	333.81	6.3786e-05	0.13583	1.0501	0.04719	3.2978	0.087733	31.6	4.0287	4.2085	3.8565
4.38	-92.21	35.17	1982	1	21	0	33	54	2.24	0.87593	0.041696	-2.0012	0.050072	141	6554	7.8431e-05	0.27677	1.1923	0.031598	4.9695	0.084681	53	3.5502	3.984	3.1636
4.37	-100.69	36.4	1974	2	15	13	33	49	2.52	NaN	NaN	NaN	NaN	0	NaN	2.9561e-05	0	NaN	NaN	NaN	NaN	0	NaN	NaN	NaN
4.34	-92.19	35.19	2001	5	4	6	42	12	2.24	0.88023	0.012147	-1.9676	0.025111	9	2212.6	6.0462e-05	0.20855	0.91731	0.31663	3.2753	0.89808	4	0.90934	0.96347	0.85826
4.34	-88.07	38.55	1974	4	3	23	5	2	2.08	NaN	NaN	NaN	NaN	31	NaN	3.6016e-05	0.12423	NaN	NaN	NaN	NaN	0	NaN	NaN	NaN
4.3	-80.796	41.872	2001	1	26	3	3	21.5	1.57	0.92245	0.063865	-1.901	0.14362	16	2086.2	3.922e-05	0.079339	0.76713	0.057922	2.4124	0.12177	7.2	1.5605	2.1721	1.1211
4.3	-96	45.7	1975	7	9	14	54	15	2.5	NaN	NaN	NaN	NaN	0	NaN	1.5504e-06	0.027397	NaN	NaN	NaN	NaN	0	NaN	NaN	NaN
4.28	-89.58	37.16	1990	9	26	13	18	51	2.39	0.90849	0.0168	-5.3168	0.042488	8	989.5	0.0001347	0.41691	2.8139	0.73147	7.7245	1.9069	4	1.0035	1.1066	0.90995
4.28	-89.21	36.84	1987	9	29	0	4	57.2	2.24	0.80569	0.068794	-2.9051	0.13754	29	289.37	0.00045111	0.89142	1.4021	0.12976	4.8614	0.35466	4.8	0.90211	1.2382	0.65724
4.28	-99.41	44.21	1983	3	4	6	32	18.6	2.5	NaN	NaN	NaN	NaN	0	NaN	0	0	NaN	NaN	NaN	NaN	0	NaN	NaN	NaN
4.28	-103.1	32.335	1992	1	2	11	45	35.6	2.55	NaN	NaN	NaN	NaN	1	NaN	2.3476e-06	0	NaN	NaN	NaN	NaN	0	NaN	NaN	NaN
4.28	-89.768	36.096	1989	4	27	16	47	49.8	2.32	NaN	NaN	NaN	NaN	86	NaN	0.0018489	3.4147	NaN	NaN	NaN	NaN	3.2	NaN	NaN	NaN
4.26	-69.91	47.67	1997	10	28	11	44	18	1.67	0.83449	0.024141	-1.795	0.040827	82	184.06	0.00036487	1.0899	0.71565	0.029171	2.8922	0.067579	-6.6	1.1442	1.257	1.0415
4.26	-69.91	47.67	1997	10	28	11	44	18	1.67	NaN	NaN	NaN	NaN	111	NaN	0.00041865	1.0899	NaN	NaN	NaN	NaN	-6.6	NaN	NaN	NaN
4.25	-87.9	32.97	2004	11	7	11	20	25	2.62	NaN	NaN	NaN	NaN	3	NaN	0.000138	0.090443	NaN	NaN	NaN	NaN	0	NaN	NaN	NaN
4.24	-85.43	42.21	2015	5	2	16	23	7	2.45	NaN	NaN	NaN	NaN	1	NaN	0	0	NaN	NaN	NaN	NaN	0	NaN	NaN	NaN
4.23	-85.193	34.775	1984	10	9	11	54	0	2.24	0.95331	0.25229	-2.2651	0.55852	25	223.58	0.00042473	0.96994	1.2195	0.10645	4.1865	0.27797	1	1.4512	5.2511	0.40106
4.22	-90.15	35.83	2005	5	1	12	37	32	2.24	0.86048	0.024495	-3.1553	0.048669	90	400.15	0.00041129	1.0144	1.6809	0.087818	5.8224	0.22238	10	1.4889	1.6655	1.3311
4.22	-71.6	43.5	1982	1	19	0	14	42	2.3	0.88157	0.017927	-1.4201	0.043293	14	1432.5	0.00012546	0.25258	0.75328	0.080238	2.7907	0.22363	5	1.0621	1.1735	0.96138
4.18	-77.903	37.587	2003	12	9	20	59	14.1	2.18	NaN	NaN	NaN	NaN	1	NaN	4.3417e-05	0.085439	NaN	NaN	NaN	NaN	0	NaN	NaN	NaN
4.18	-104.96	39.91	1981	3	24	13	3	40	1.78	0.856	0.060474	-0.85808	0.16645	6	Inf	0	0	0.32752	0.027507	1.3581	0.078712	3	0.84718	1.2429	0.57747
4.18	-96.435	34.66	1997	9	6	23	38	0.9	2.24	0.89292	0.087855	-2.5738	0.23348	14	1344.8	6.1923e-05	0.12534	1.3284	0.22676	4.1362	0.57823	0	1.0074	1.7246	0.58849
4.17	-83.88	38.14	1988	9	7	2	28	10	2.55	0.94777	0.01507	-1.1841	0.04318	7	4153.4	4.8217e-05	0.15095	0.7445	0.11587	2.6792	0.35121	4	1.052	1.162	0.95244
4.16	-82.98	37.13	2012	11	10	17	8	12	2.47	NaN	NaN	NaN	NaN	3	NaN	3.8021e-05	0.071014	NaN	NaN	NaN	NaN	3	NaN	NaN	NaN
4.15	-88.96	41.44	2004	6	28	6	10	52	2.5	NaN	NaN	NaN	NaN	0	NaN	2.0886e-06	0	NaN	NaN	NaN	NaN	0	NaN	NaN	NaN
4.14	-69.8	44	1979	4	18	2	34	0	2.27	NaN	NaN	NaN	NaN	3	NaN	5.9688e-06	0.01837	NaN	NaN	NaN	NaN	0	NaN	NaN	NaN
4.14	-98.9	42.81	2002	11	3	20	41	56	2.48	NaN	NaN	NaN	NaN	2	NaN	2.1211e-06	0	NaN	NaN	NaN	NaN	0	NaN	NaN	NaN
4.14	-96.925	35.657	2012	8	28	0	50	15.8	2.38	NaN	NaN	NaN	NaN	890	NaN	0.0039994	7.9421	NaN	NaN	NaN	NaN	198.2	NaN	NaN	NaN
4.13	-89.83	36.56	1991	5	4	1	18	54	2.24	0.85917	0.049678	-3.2217	0.064152	85	40.487	0.002477	3.8781	1.7049	0.099755	5.8336	0.25687	7	1.0012	1.1605	0.86368
4.12	-76.24	46.46	1975	7	12	12	37	15	2.37	NaN	NaN	NaN	NaN	6	NaN	6.4124e-05	0.11149	NaN	NaN	NaN	NaN	1	NaN	NaN	NaN
4.11	-82.06	33.81	2014	2	15	3	23	38	2.36	NaN	NaN	NaN	NaN	6	NaN	6.2942e-05	0.069245	NaN	NaN	NaN	NaN	2	NaN	NaN	NaN
4.1	-75.433	39.198	2017	11	30	21	47	31.25	2.5	NaN	NaN	NaN	NaN	0	NaN	0	0	NaN	NaN	NaN	NaN	0	NaN	NaN	NaN
4.08	-86.59	33.66	1975	8	29	4	22	52.1	2.55	NaN	NaN	NaN	NaN	0	NaN	2.6888e-05	0	NaN	NaN	NaN	NaN	0	NaN	NaN	NaN
4.07	-76.7	47	1991	6	16	16	46	53	1.37	NaN	NaN	NaN	NaN	43	NaN	9.3148e-05	0.18623	NaN	NaN	NaN	NaN	-0.2	NaN	NaN	NaN
4.07	-65.762	41.927	2012	4	12	2	29	39.2	1.56	1.1246	0.041873	-0.63295	0.069852	14	6723.2	4.4273e-06	0.079479	0.47563	0.027387	1.9514	0.068493	12.8	3.6382	4.2731	3.0977
4.05	-69.905	47.77	1976	10	23	20	58	18	2.25	0.90716	0.057617	-1.2781	0.10593	27	199.18	0.00056254	1.25	0.66643	0.040762	2.9166	0.12035	3	0.8345	1.065	0.65388
4.04	-72.56	41.13	1981	10	21	16	49	0	2.5	NaN	NaN	NaN	NaN	0	NaN	2.2557e-05	0.032787	NaN	NaN	NaN	NaN	0	NaN	NaN	NaN
4.03	-70.66	43.61	2012	10	16	23	12	22	2.17	NaN	NaN	NaN	NaN	1	NaN	2.9356e-05	0.063641	NaN	NaN	NaN	NaN	0.6	NaN	NaN	NaN
4.02	-88.99	36.89	2003	6	6	12	29	33	2.3	NaN	NaN	NaN	NaN	22	NaN	0.00045471	1.0371	NaN	NaN	NaN	NaN	1	NaN	NaN	NaN
4.01	-75.54	39.76	1977	2	10	19	14	0	1.85	NaN	NaN	NaN	NaN	10	NaN	2.4913e-05	0.062296	NaN	NaN	NaN	NaN	1	NaN	NaN	NaN
3.99	-82.54	33.9	1979	8	13	5	19	25.2	2.5	NaN	NaN	NaN	NaN	1	NaN	0.00014157	0.33846	NaN	NaN	NaN	NaN	0	NaN	NaN	NaN
3.98	-81.92	37.2	2006	11	2	17	53	2.1	2.55	NaN	NaN	NaN	NaN	1	NaN	2.4395e-05	0.068533	NaN	NaN	NaN	NaN	1.0471	NaN	NaN	NaN
3.98	-84.229	35.567	1987	3	27	7	29	30.4	2.24	0.75586	0.02182	-2.7253	0.029203	46	165.08	0.00056737	1.3441	1.3836	0.09025	4.8231	0.23415	8.377	0.48104	0.5145	0.44975
3.98	-89.57	38.77	1983	5	15	5	16	22	2.55	NaN	NaN	NaN	NaN	4	NaN	1.8232e-05	0	NaN	NaN	NaN	NaN	0	NaN	NaN	NaN
3.98	-105.38	49.06	1982	8	17	4	49	25	2.48	NaN	NaN	NaN	NaN	1	NaN	7.2286e-06	0	NaN	NaN	NaN	NaN	0	NaN	NaN	NaN
3.98	-97.85	43.01	1982	11	15	2	58	22.9	2.48	NaN	NaN	NaN	NaN	1	NaN	4.3124e-06	0	NaN	NaN	NaN	NaN	0	NaN	NaN	NaN
3.97	-70.049	47.785	2012	12	12	17	46	6	1.27	0.79467	0.046823	-2.0961	0.051203	96	107.24	0.00065574	1.3972	0.85878	0.038964	2.9931	0.070555	18.002	1.6696	1.8785	1.4839
3.97	-80.8	46.58	1984	6	20	14	12	27	2.47	NaN	NaN	NaN	NaN	2	NaN	0	0	NaN	NaN	NaN	NaN	2.143	NaN	NaN	NaN
3.97	-74.4	45.5	1991	5	17	18	8	47	1.37	NaN	NaN	NaN	NaN	16	NaN	5.9565e-05	0.13865	NaN	NaN	NaN	NaN	-0.85722	NaN	NaN	NaN
3.96	-66.07	49.8	2013	9	21	14	48	23	1.17	1.0161	0.22148	-2.497	0.43099	14	323.57	3.3588e-05	0.058305	1.0155	0.16927	2.1675	0.26366	1.7544	2.1692	5.8518	0.8041
3.96	-82.53	33.91	1974	8	2	8	52	11	2.5	0.79521	0.055001	-1.287	0.15895	9	5242.7	5.9418e-05	0.066667	0.61648	0.072657	2.428	0.22722	2.193	0.41029	0.59161	0.28454
3.96	-80.145	32.9	1974	11	22	5	25	0	2.42	0.80666	0.034033	-2.442	0.07642	23	354.87	0.00031857	0.88482	1.3011	0.10461	4.6125	0.29355	2.193	0.3645	0.43463	0.30569
3.95	-81.64	49.64	1980	4	13	22	40	23	2.5	NaN	NaN	NaN	NaN	1	NaN	7.242e-05	0.2	NaN	NaN	NaN	NaN	0	NaN	NaN	NaN
3.94	-74.645	42.584	1991	6	17	8	53	19	2.47	NaN	NaN	NaN	NaN	1	NaN	0	0	NaN	NaN	NaN	NaN	0	NaN	NaN	NaN
3.93	-101.75	43.1	2003	5	25	7	32	33	2.6	NaN	NaN	NaN	NaN	0	NaN	1.0106e-05	0	NaN	NaN	NaN	NaN	0	NaN	NaN	NaN
3.9	-73.596	46.092	1993	9	23	6	45	28	2.17	NaN	NaN	NaN	NaN	11	NaN	2.74e-05	0.024514	NaN	NaN	NaN	NaN	-1.0071	NaN	NaN	NaN
3.9	-74.11	46.35	1978	2	18	14	48	25	2.47	NaN	NaN	NaN	NaN	3	NaN	0	0	NaN	NaN	NaN	NaN	1.2589	NaN	NaN	NaN
3.89	-89.46	36.14	2005	6	2	11	35	10	2.24	0.7161	0.024629	-3.2376	0.016167	210	54.435	0.0024613	5.428	1.8755	0.070403	6.5832	0.17716	32.206	0.71938	0.74666	0.69309
3.88	-104.21	45.02	2009	9	25	15	11	34.1	2.38	NaN	NaN	NaN	NaN	0	NaN	7.8148e-07	0	NaN	NaN	NaN	NaN	0	NaN	NaN	NaN
3.88	-98.51	34.94	1998	4	28	14	13	1	2.48	NaN	NaN	NaN	NaN	4	NaN	0	0	NaN	NaN	NaN	NaN	0	NaN	NaN	NaN
3.88	-73.46	45.2	1993	11	16	9	31	44	1.47	1.0542	0.041763	-1.3088	0.08367	16	1014.7	3.1863e-05	0.056368	0.70283	0.067268	2.3274	0.14309	7.9095	2.4268	2.9425	2.0016
3.88	-78.324	37.868	1984	8	17	18	5	46.9	2.24	NaN	NaN	NaN	NaN	4	NaN	0.0001179	0.26073	NaN	NaN	NaN	NaN	0	NaN	NaN	NaN
3.88	-91.04	38.1	1976	12	11	7	5	1.1	2.38	NaN	NaN	NaN	NaN	0	NaN	1.1922e-05	0.031637	NaN	NaN	NaN	NaN	0	NaN	NaN	NaN
3.87	-68.187	44.349	2006	9	22	10	39	21.4	1.17	0.96373	0.020122	-1.1245	0.029288	29	23242	4.6333e-06	0.0131	0.59018	0.032178	2.0699	0.063322	35.343	2.9445	3.1499	2.7525
3.86	-90.93	38.12	2011	6	7	8	10	34	2.5	NaN	NaN	NaN	NaN	2	NaN	3.8117e-05	0.066667	NaN	NaN	NaN	NaN	0	NaN	NaN	NaN
3.86	-89.41	36.85	2012	2	21	9	58	43	2.24	0.81532	0.06265	-2.1555	0.096292	71	221.92	0.00073369	1.5468	1.3915	0.066619	5.0833	0.17872	9.6627	1.2555	1.5671	1.0058
3.85	-89.19	37.36	1994	2	5	14	55	37	2.47	NaN	NaN	NaN	NaN	0	NaN	0.00017572	0.35652	NaN	NaN	NaN	NaN	0	NaN	NaN	NaN
3.85	-64.654	50.074	1989	2	10	1	4	0	1.97	NaN	NaN	NaN	NaN	9	NaN	1.9411e-05	0.016878	NaN	NaN	NaN	NaN	2.8251	NaN	NaN	NaN
3.85	-102.73	38.47	2009	8	17	0	22	12	2.5	NaN	NaN	NaN	NaN	0	NaN	2.3291e-06	0	NaN	NaN	NaN	NaN	0	NaN	NaN	NaN
3.84	-74.3	40.3	1979	1	30	16	30	0	2.5	NaN	NaN	NaN	NaN	2	NaN	3.5588e-05	0.092308	NaN	NaN	NaN	NaN	0	NaN	NaN	NaN
3.84	-83.2	33.2	1975	4	1	21	9	0	2.55	NaN	NaN	NaN	NaN	4	NaN	0.00025914	0.62734	NaN	NaN	NaN	NaN	0	NaN	NaN	NaN
3.84	-90.636	35.205	2012	10	29	12	39	24	2.32	NaN	NaN	NaN	NaN	5	NaN	6.1967e-05	0.12858	NaN	NaN	NaN	NaN	0	NaN	NaN	NaN
3.82	-85.89	40.43	2010	12	30	12	55	21	2.48	NaN	NaN	NaN	NaN	0	NaN	1.674e-06	0	NaN	NaN	NaN	NaN	0	NaN	NaN	NaN
3.81	-60.82	52.03	2012	7	8	11	13	38	1.77	NaN	NaN	NaN	NaN	2	NaN	3.3837e-07	0	NaN	NaN	NaN	NaN	1.5488	NaN	NaN	NaN
3.8	-88.49	41.97	2010	2	10	9	59	35	2.28	NaN	NaN	NaN	NaN	2	NaN	0	0	NaN	NaN	NaN	NaN	0	NaN	NaN	NaN
3.79	-63.348	50.033	2001	3	24	11	57	18.3	1.57	NaN	NaN	NaN	NaN	6	NaN	4.6171e-06	0.011639	NaN	NaN	NaN	NaN	1.6218	NaN	NaN	NaN
3.78	-90	35.97	1996	11	29	5	41	32	2.24	0.83748	0.068531	-2.5162	0.1004	267	72.811	0.001111	2.3486	1.541	0.050046	5.9244	0.13153	6.6383	0.71933	0.90642	0.57085
3.78	-80.116	33.05	1992	8	21	16	31	55.1	2.2	0.70838	0.16694	-2.5201	0.36228	94	310.49	0.00040424	1.0133	1.344	0.05117	5.085	0.13485	4.9788	0.40132	0.9242	0.17427
3.78	-86.434	38.133	1990	1	24	18	20	24.4	2.58	NaN	NaN	NaN	NaN	3	NaN	0	0	NaN	NaN	NaN	NaN	4.9788	NaN	NaN	NaN
3.78	-89.686	36.605	1987	6	13	21	17	12.8	2.47	0.79732	0.053923	-2.059	0.077593	215	206.62	0.0020201	5.7409	1.5924	0.066577	6.1215	0.18085	19.915	1.0641	1.2722	0.88998
3.78	-88.47	37.7	1984	6	29	7	58	29.3	2.32	NaN	NaN	NaN	NaN	4	NaN	3.1042e-05	0.077808	NaN	NaN	NaN	NaN	0	NaN	NaN	NaN
3.78	-96.293	45.674	1993	6	5	1	24	53	2.5	NaN	NaN	NaN	NaN	0	NaN	1.2295e-06	0.051502	NaN	NaN	NaN	NaN	0	NaN	NaN	NaN
3.77	-74.421	45.978	1997	5	24	18	52	6.3	1.17	0.98162	0.0015526	-1.2301	0.0025835	29	234.22	4.2193e-05	0.068581	0.45932	0.020163	1.7934	0.043116	2.7172	0.92074	0.92623	0.91527
3.77	-76.37	47.01	2003	10	12	8	26	7	1.47	0.9166	0.11925	-1.995	0.21683	65	143.05	0.00011088	0.29359	0.84941	0.027205	3.1391	0.056082	1.0189	0.90922	1.4979	0.55188
3.77	-70.46	47.38	2006	4	7	8	31	40	1.17	0.84492	0.0017758	-2.5387	0.0017875	175	81.799	0.00014629	0.25736	0.91773	0.023748	3.314	0.041621	3.3965	0.70365	0.70655	0.70076
3.77	-74.609	45.598	2012	11	6	9	5	27.8	1.67	0.98924	0.072582	-1.0761	0.14427	10	209.15	0.00018225	0.337	0.6482	0.060063	2.0718	0.13896	3.0568	1.9281	2.6878	1.3831
3.77	-72.556	47.579	1990	12	31	3	53	58.3	1.77	NaN	NaN	NaN	NaN	1	NaN	0	0	NaN	NaN	NaN	NaN	0	NaN	NaN	NaN
3.75	-67.05	49.77	1977	8	8	23	8	40	2.27	0.94711	0.032213	-0.82054	0.093174	10	4301.2	6.4569e-05	0.13258	0.75538	0.085081	2.7213	0.23715	8.8914	1.9835	2.4581	1.6005
3.75	-87.997	32.908	2015	2	19	18	19	9.4	2.44	0.85798	0.030994	-1.4335	0.032453	17	1941.2	0.00021257	0.46558	1.1225	0.13627	3.9309	0.38678	23.118	1.0888	1.1733	1.0104
3.74	-71.7	43.2	1977	12	25	15	35	0	1.67	NaN	NaN	NaN	NaN	8	NaN	9.9423e-05	0.22485	NaN	NaN	NaN	NaN	3.6394	NaN	NaN	NaN
3.74	-89.68	36.54	1975	6	13	22	40	27	2.25	0.87676	0.016028	-4.8319	0.016312	47	22.907	0.0015504	4.3649	3.1632	0.19464	9.0817	0.47955	18.197	0.76077	0.78988	0.73272
3.74	-75.23	43.56	1980	6	6	13	15	0	2.65	NaN	NaN	NaN	NaN	2	NaN	3.3411e-05	0.081859	NaN	NaN	NaN	NaN	3.6394	NaN	NaN	NaN
3.73	-67.409	49.235	1986	11	9	19	57	0	1.37	NaN	NaN	NaN	NaN	58	NaN	0.00011695	0.22631	NaN	NaN	NaN	NaN	-0.74483	NaN	NaN	NaN
3.72	-100.7	35.76	2008	10	14	3	7	28	2.48	NaN	NaN	NaN	NaN	0	NaN	0	0	NaN	NaN	NaN	NaN	0	NaN	NaN	NaN
3.71	-69.857	47.717	1989	3	9	9	41	0	1.47	0.80557	0.0071115	-1.7356	0.0088359	100	73.726	0.00042933	0.84858	0.67111	0.018538	2.8609	0.039758	13.649	0.58564	0.59768	0.57384
3.71	-91.72	36.8	2003	8	16	5	9	20	2.39	NaN	NaN	NaN	NaN	7	NaN	5.3271e-05	0.1283	NaN	NaN	NaN	NaN	0	NaN	NaN	NaN
3.7	-70.4	44.49	1983	5	29	5	45	0	1.87	NaN	NaN	NaN	NaN	5	NaN	3.2778e-05	0.067284	NaN	NaN	NaN	NaN	0	NaN	NaN	NaN
3.7	-71.91	44.29	1995	6	16	12	13	11	2.5	NaN	NaN	NaN	NaN	1	NaN	1.9884e-05	0.047619	NaN	NaN	NaN	NaN	0	NaN	NaN	NaN
3.7	-81.54	49.52	2006	12	7	4	44	59.2	1.17	NaN	NaN	NaN	NaN	6	NaN	2.19e-05	0.052446	NaN	NaN	NaN	NaN	2.3943	NaN	NaN	NaN
3.7	-74.72	46.17	1998	7	30	8	57	22	1.27	1.0001	0.00025751	-1.9679	0.00039774	57	141.16	8.1308e-05	0.16134	0.81043	0.02469	2.9287	0.048265	0.7981	1.0033	1.0042	1.0024
3.7	-90.934	33.198	2019	1	8	22	26	33.06	2.45	NaN	NaN	NaN	NaN	0	NaN	0	0	NaN	NaN	NaN	NaN	0	NaN	NaN	NaN
3.7	-92.406	36.128	2019	9	12	6	42	22.28	2.34	NaN	NaN	NaN	NaN	1	NaN	3.9399e-05	0.037741	NaN	NaN	NaN	NaN	0	NaN	NaN	NaN
3.7	-101.92	50.711	2016	9	5	10	40	51.6	2.36	NaN	NaN	NaN	NaN	2	NaN	6.91e-05	0.16548	NaN	NaN	NaN	NaN	0	NaN	NaN	NaN
3.69	-89.44	36.136	2019	4	24	10	56	54.1	2.08	NaN	NaN	NaN	NaN	160	NaN	0.0022293	4.8102	NaN	NaN	NaN	NaN	61.252	NaN	NaN	NaN
3.68	-104.63	32.591	1999	3	14	22	43	17.9	2.38	0.8448	0.067174	-0.84731	0.16806	24	2.5723e+09	1.3904e-05	0.032919	0.64468	0.033039	2.952	0.10167	8.3572	0.97898	1.4416	0.66484
3.68	-103.42	43.043	2011	11	14	6	51	38.3	2.48	NaN	NaN	NaN	NaN	1	NaN	0	0	NaN	NaN	NaN	NaN	2.0893	NaN	NaN	NaN
3.68	-102.5	43.313	1990	1	28	4	59	59.1	2.48	NaN	NaN	NaN	NaN	1	NaN	0	0	NaN	NaN	NaN	NaN	2.0893	NaN	NaN	NaN
3.68	-104.81	39.29	1994	12	25	19	6	7.5	2.38	NaN	NaN	NaN	NaN	0	NaN	0	0	NaN	NaN	NaN	NaN	0	NaN	NaN	NaN
3.68	-87.07	39.22	1984	7	28	23	39	27.4	2.5	NaN	NaN	NaN	NaN	0	NaN	3.013e-06	0	NaN	NaN	NaN	NaN	0	NaN	NaN	NaN
3.68	-97.596	34.774	1995	1	18	15	51	39.4	2.33	0.84333	0.031798	-3.089	0.058343	49	355.05	0.00088404	1.9884	2.4293	0.17267	7.4212	0.448	29.25	1.5506	1.7736	1.3557
3.67	-76.284	47.063	1990	11	15	13	47	15.7	1.47	0.78813	0.18821	-1.9386	0.41147	66	397.48	9.8067e-05	0.20522	0.80168	0.02652	3.0259	0.055119	4.7035	0.66854	1.7242	0.25921
3.67	-74.99	45.57	1998	4	18	16	22	52	1.47	NaN	NaN	NaN	NaN	17	NaN	5.8934e-05	0.059461	NaN	NaN	NaN	NaN	-1.2828	NaN	NaN	NaN
3.67	-76.88	47.08	2007	10	1	16	42	8	1.37	NaN	NaN	NaN	NaN	20	NaN	6.6127e-05	0.1311	NaN	NaN	NaN	NaN	-0.42759	NaN	NaN	NaN
3.67	-71.621	46.501	2010	7	23	17	24	21.4	1.47	NaN	NaN	NaN	NaN	4	NaN	1.3602e-05	0.032023	NaN	NaN	NaN	NaN	1.7104	NaN	NaN	NaN
3.67	-90.54	35.62	2013	2	23	22	28	39	2.24	0.83107	0.053215	-1.3169	0.075941	15	964.76	0.00016107	0.32423	0.87834	0.082819	3.1677	0.22782	17.104	0.86929	1.0354	0.72983
3.67	-83.266	48.442	2012	9	22	16	10	41.3	1.77	1.0352	0.065195	-0.41292	0.16307	5	12174	6.0554e-06	0	0.34928	0.04391	1.2436	0.1219	8.5518	1.7812	2.5929	1.2236
3.65	-73.92	41.11	1985	10	19	10	7	0	2.16	0.90078	0.050701	-1.856	0.1034	9	5515.1	1.7563e-05	0.020439	1.1728	0.22988	3.5415	0.57517	6.7162	0.77903	0.98844	0.61398
3.65	-82.8	35.88	2005	8	25	3	9	41	2.55	0.71575	0.071351	-3.612	0.15748	17	1913.4	0.00010489	0.10624	2.725	0.47528	8.3175	1.3143	2.2387	0.24293	0.3491	0.16904
3.65	-83.2	41.3	1975	2	3	10	31	0	2.48	NaN	NaN	NaN	NaN	0	NaN	0	0	NaN	NaN	NaN	NaN	0	NaN	NaN	NaN
3.65	-66.72	49.43	1979	12	19	18	58	10	2.37	NaN	NaN	NaN	NaN	13	NaN	9.8909e-05	0.23021	NaN	NaN	NaN	NaN	0	NaN	NaN	NaN
3.65	-66.79	49.42	2015	1	16	13	5	28	1.17	1.0557	0.019854	-1.7703	0.030209	18	103.69	0.00013874	0.29016	0.87694	0.065478	2.387	0.11498	11.194	2.5382	2.7211	2.3677
3.61	-80.71	41.931	1987	7	13	5	49	0	2.37	0.91755	0.027447	-2.4776	0.047042	11	4522.9	7.2624e-05	0.16522	2.0807	0.71763	5.9086	1.8517	12.274	1.266	1.4108	1.136
3.45	-74.972	46.194	2000	8	6	8	52	24	1.37	0.94286	0.086976	-1.7574	0.096114	60	225.15	0.00012038	0.22726	0.89065	0.026275	3.2188	0.055203	30.514	1.2448	1.5531	0.99766
